0 10
1 10
2 10
3 10
4 10
5 10
6 10
7 10
8 10
9 10
10 8
11 8
12 8
13 8
14 8
15 8
16 8
17 8
18 8
19 8
20 9
21 9
22 9
23 9
24 9
25 9
26 9
27 9
28 9
29 9
30 12
31 12
32 12
33 12
34 12
35 12
36 12
37 12
38 12
39 12
40 4
41 4
42 4
43 4
44 4
45 4
46 4
47 4
48 4
49 4
50 6
51 6
52 6
53 6
54 6
55 6
56 6
57 6
58 6
59 6
60 2
61 2
62 2
63 2
64 2
65 2
66 2
67 2
68 2
69 2
70 7
71 7
72 7
73 7
74 7
75 7
76 7
77 7
78 7
79 7
80 5
81 5
82 5
83 5
84 5
85 5
86 5
87 5
88 5
89 5
90 11
91 11
92 11
93 11
94 11
95 11
96 11
97 11
98 11
99 11
100 3
101 3
102 3
103 3
104 3
105 3
106 3
107 3
108 3
109 3
110 1
111 1
112 1
113 1
114 1
115 1
116 1
117 1
118 1
119 1
120 13
121 13
122 13
123 13
124 13
125 13
126 13
127 13
128 13
129 13
