0 10
1 10
2 10
3 10
4 10
5 10
6 10
7 10
8 10
9 10
10 10
11 10
12 10
13 10
14 10
15 10
16 10
17 10
18 10
19 10
20 10
21 10
22 10
23 10
24 10
25 10
26 10
27 10
28 10
29 10
30 10
31 10
32 10
33 10
34 10
35 10
36 10
37 10
38 10
39 10
40 10
41 10
42 10
43 10
44 10
45 10
46 10
47 10
48 10
49 10
50 10
51 10
52 10
53 10
54 10
55 10
56 10
57 10
58 10
59 10
60 10
61 10
62 10
63 10
64 10
65 10
66 10
67 10
68 10
69 10
70 10
71 10
72 10
73 10
74 10
75 10
76 10
77 10
78 10
79 10
80 10
81 10
82 10
83 10
84 10
85 10
86 10
87 10
88 10
89 10
90 10
91 10
92 10
93 10
94 10
95 10
96 10
97 10
98 10
99 10
100 8
101 8
102 8
103 8
104 8
105 8
106 8
107 8
108 8
109 8
110 8
111 8
112 8
113 8
114 8
115 8
116 8
117 8
118 8
119 8
120 8
121 8
122 8
123 8
124 8
125 8
126 8
127 8
128 8
129 8
130 8
131 8
132 8
133 8
134 8
135 8
136 8
137 8
138 8
139 8
140 8
141 8
142 8
143 8
144 8
145 8
146 8
147 8
148 8
149 8
150 8
151 8
152 8
153 8
154 8
155 8
156 8
157 8
158 8
159 8
160 8
161 8
162 8
163 8
164 8
165 8
166 8
167 8
168 8
169 8
170 8
171 8
172 8
173 8
174 8
175 8
176 8
177 8
178 8
179 8
180 8
181 9
182 9
183 9
184 9
185 9
186 9
187 9
188 9
189 9
190 9
191 9
192 9
193 9
194 9
195 9
196 9
197 9
198 9
199 9
200 9
201 9
202 9
203 9
204 9
205 9
206 9
207 9
208 9
209 9
210 9
211 9
212 9
213 9
214 9
215 9
216 9
217 9
218 9
219 9
220 9
221 9
222 9
223 9
224 9
225 9
226 9
227 9
228 9
229 9
230 9
231 9
232 9
233 9
234 9
235 9
236 9
237 9
238 9
239 9
240 9
241 9
242 9
243 9
244 9
245 9
246 9
247 9
248 9
249 9
250 9
251 9
252 9
253 9
254 9
255 9
256 9
257 9
258 9
259 9
260 9
261 9
262 9
263 9
264 9
265 9
266 9
267 9
268 9
269 9
270 9
271 9
272 9
273 9
274 12
275 12
276 12
277 12
278 12
279 12
280 12
281 12
282 12
283 12
284 12
285 12
286 12
287 12
288 12
289 12
290 12
291 12
292 12
293 12
294 12
295 12
296 12
297 12
298 12
299 12
300 12
301 12
302 12
303 12
304 12
305 12
306 12
307 12
308 12
309 12
310 12
311 12
312 12
313 12
314 12
315 12
316 12
317 12
318 12
319 12
320 12
321 12
322 12
323 12
324 12
325 12
326 12
327 12
328 12
329 12
330 12
331 12
332 12
333 12
334 12
335 12
336 12
337 12
338 12
339 12
340 12
341 12
342 12
343 12
344 12
345 12
346 12
347 12
348 12
349 12
350 12
351 12
352 12
353 12
354 12
355 12
356 12
357 12
358 12
359 12
360 12
361 12
362 12
363 12
364 12
365 12
366 12
367 12
368 12
369 12
370 12
371 12
372 12
373 12
374 4
375 4
376 4
377 4
378 4
379 4
380 4
381 4
382 4
383 4
384 4
385 4
386 4
387 4
388 4
389 4
390 4
391 4
392 4
393 4
394 4
395 4
396 4
397 4
398 4
399 4
400 4
401 4
402 4
403 4
404 4
405 4
406 4
407 4
408 4
409 4
410 4
411 4
412 4
413 4
414 4
415 4
416 4
417 4
418 4
419 4
420 4
421 4
422 4
423 4
424 4
425 4
426 4
427 4
428 4
429 4
430 4
431 4
432 4
433 4
434 4
435 4
436 4
437 4
438 4
439 4
440 4
441 4
442 4
443 4
444 4
445 4
446 4
447 4
448 4
449 4
450 4
451 4
452 4
453 4
454 4
455 4
456 4
457 4
458 4
459 4
460 4
461 4
462 4
463 4
464 4
465 4
466 4
467 4
468 4
469 4
470 4
471 4
472 4
473 4
474 6
475 6
476 6
477 6
478 6
479 6
480 6
481 6
482 6
483 6
484 6
485 6
486 6
487 6
488 6
489 6
490 6
491 6
492 6
493 6
494 6
495 6
496 6
497 6
498 6
499 6
500 6
501 6
502 6
503 6
504 6
505 6
506 6
507 6
508 6
509 6
510 6
511 6
512 6
513 6
514 6
515 6
516 6
517 6
518 6
519 6
520 6
521 6
522 6
523 6
524 6
525 6
526 6
527 6
528 6
529 6
530 6
531 6
532 6
533 6
534 6
535 6
536 6
537 6
538 6
539 6
540 6
541 6
542 6
543 6
544 6
545 6
546 6
547 6
548 6
549 6
550 6
551 6
552 6
553 6
554 6
555 6
556 6
557 6
558 6
559 6
560 6
561 6
562 6
563 6
564 6
565 6
566 6
567 6
568 6
569 6
570 6
571 6
572 6
573 6
574 2
575 2
576 2
577 2
578 2
579 2
580 2
581 2
582 2
583 2
584 2
585 2
586 2
587 2
588 2
589 2
590 2
591 2
592 2
593 2
594 2
595 2
596 2
597 2
598 2
599 2
600 2
601 2
602 2
603 2
604 2
605 2
606 2
607 2
608 2
609 2
610 2
611 2
612 2
613 2
614 2
615 2
616 2
617 2
618 2
619 2
620 2
621 2
622 2
623 2
624 2
625 2
626 2
627 2
628 2
629 2
630 2
631 2
632 2
633 2
634 2
635 2
636 2
637 2
638 2
639 2
640 2
641 2
642 2
643 2
644 2
645 2
646 2
647 2
648 2
649 2
650 2
651 2
652 2
653 2
654 2
655 2
656 2
657 2
658 2
659 2
660 2
661 2
662 2
663 2
664 2
665 2
666 2
667 2
668 2
669 2
670 2
671 2
672 2
673 2
674 7
675 7
676 7
677 7
678 7
679 7
680 7
681 7
682 7
683 7
684 7
685 7
686 7
687 7
688 7
689 7
690 7
691 7
692 7
693 7
694 7
695 7
696 7
697 7
698 7
699 7
700 7
701 7
702 7
703 7
704 7
705 7
706 7
707 7
708 7
709 7
710 7
711 7
712 7
713 7
714 7
715 7
716 7
717 7
718 7
719 7
720 7
721 7
722 7
723 7
724 7
725 7
726 7
727 7
728 7
729 7
730 7
731 7
732 7
733 7
734 7
735 7
736 7
737 7
738 7
739 7
740 7
741 7
742 7
743 7
744 7
745 7
746 7
747 7
748 7
749 7
750 7
751 7
752 7
753 7
754 5
755 5
756 5
757 5
758 5
759 5
760 5
761 5
762 5
763 5
764 5
765 5
766 5
767 5
768 5
769 5
770 5
771 5
772 5
773 5
774 5
775 5
776 5
777 5
778 5
779 5
780 5
781 5
782 5
783 5
784 5
785 5
786 5
787 5
788 5
789 5
790 5
791 5
792 5
793 5
794 5
795 5
796 5
797 5
798 5
799 5
800 5
801 5
802 5
803 5
804 5
805 5
806 5
807 5
808 5
809 5
810 5
811 5
812 5
813 5
814 5
815 5
816 5
817 5
818 5
819 5
820 5
821 5
822 5
823 5
824 5
825 5
826 5
827 5
828 5
829 5
830 5
831 5
832 5
833 5
834 5
835 5
836 5
837 5
838 5
839 5
840 5
841 5
842 5
843 5
844 5
845 5
846 5
847 5
848 5
849 5
850 5
851 5
852 5
853 5
854 11
855 11
856 11
857 11
858 11
859 11
860 11
861 11
862 11
863 11
864 11
865 11
866 11
867 11
868 11
869 11
870 11
871 11
872 11
873 11
874 11
875 11
876 11
877 11
878 11
879 11
880 11
881 11
882 11
883 11
884 11
885 11
886 11
887 11
888 11
889 11
890 11
891 11
892 11
893 11
894 11
895 11
896 11
897 11
898 11
899 11
900 11
901 11
902 11
903 11
904 11
905 11
906 11
907 11
908 11
909 11
910 11
911 11
912 11
913 11
914 11
915 11
916 11
917 11
918 11
919 11
920 11
921 11
922 11
923 11
924 11
925 11
926 11
927 11
928 11
929 11
930 11
931 11
932 11
933 11
934 11
935 11
936 11
937 11
938 11
939 11
940 11
941 11
942 11
943 11
944 11
945 11
946 11
947 11
948 11
949 11
950 11
951 11
952 11
953 11
954 3
955 3
956 3
957 3
958 3
959 3
960 3
961 3
962 3
963 3
964 3
965 3
966 3
967 3
968 3
969 3
970 3
971 3
972 3
973 3
974 3
975 3
976 3
977 3
978 3
979 3
980 3
981 3
982 3
983 3
984 3
985 3
986 3
987 3
988 3
989 3
990 3
991 3
992 3
993 3
994 3
995 3
996 3
997 3
998 3
999 3
1000 3
1001 3
1002 3
1003 3
1004 3
1005 3
1006 3
1007 3
1008 3
1009 3
1010 3
1011 3
1012 3
1013 3
1014 3
1015 3
1016 3
1017 3
1018 3
1019 3
1020 3
1021 3
1022 3
1023 3
1024 3
1025 3
1026 3
1027 3
1028 3
1029 3
1030 3
1031 3
1032 3
1033 3
1034 3
1035 3
1036 3
1037 3
1038 3
1039 3
1040 3
1041 3
1042 3
1043 3
1044 3
1045 3
1046 3
1047 3
1048 3
1049 3
1050 3
1051 3
1052 3
1053 3
1054 1
1055 1
1056 1
1057 1
1058 1
1059 1
1060 1
1061 1
1062 1
1063 1
1064 1
1065 1
1066 1
1067 1
1068 1
1069 1
1070 1
1071 1
1072 1
1073 1
1074 1
1075 1
1076 1
1077 1
1078 1
1079 1
1080 1
1081 1
1082 1
1083 1
1084 1
1085 1
1086 1
1087 1
1088 1
1089 1
1090 1
1091 1
1092 1
1093 1
1094 1
1095 1
1096 1
1097 1
1098 1
1099 1
1100 1
1101 1
1102 1
1103 1
1104 1
1105 1
1106 1
1107 1
1108 1
1109 1
1110 1
1111 1
1112 1
1113 1
1114 1
1115 1
1116 1
1117 1
1118 1
1119 1
1120 1
1121 1
1122 1
1123 1
1124 1
1125 1
1126 1
1127 1
1128 1
1129 1
1130 1
1131 1
1132 1
1133 1
1134 1
1135 1
1136 1
1137 1
1138 1
1139 1
1140 1
1141 1
1142 1
1143 1
1144 1
1145 1
1146 1
1147 1
1148 1
1149 1
1150 1
1151 1
1152 1
1153 1
1154 13
1155 13
1156 13
1157 13
1158 13
1159 13
1160 13
1161 13
1162 13
1163 13
1164 13
1165 13
1166 13
1167 13
1168 13
1169 13
1170 13
1171 13
1172 13
1173 13
1174 13
1175 13
1176 13
1177 13
1178 13
1179 13
1180 13
1181 13
1182 13
1183 13
1184 13
1185 13
1186 13
1187 13
1188 13
1189 13
1190 13
1191 13
1192 13
1193 13
1194 13
1195 13
1196 13
1197 13
1198 13
1199 13
1200 13
1201 13
1202 13
1203 13
