0 10
1 10
2 10
3 10
4 10
5 10
6 10
7 10
8 10
9 10
10 10
11 10
12 10
13 10
14 10
15 10
16 10
17 10
18 10
19 10
20 10
21 10
22 10
23 10
24 10
25 10
26 10
27 10
28 10
29 10
30 10
31 10
32 10
33 10
34 10
35 10
36 10
37 10
38 10
39 10
40 10
41 10
42 10
43 10
44 10
45 10
46 10
47 10
48 10
49 10
50 10
51 10
52 10
53 10
54 10
55 10
56 10
57 10
58 10
59 10
60 10
61 10
62 10
63 10
64 10
65 10
66 10
67 10
68 10
69 10
70 10
71 10
72 10
73 10
74 10
75 10
76 10
77 10
78 10
79 10
80 10
81 10
82 10
83 10
84 10
85 10
86 10
87 10
88 10
89 10
90 10
91 10
92 10
93 10
94 10
95 10
96 10
97 10
98 10
99 10
100 10
101 10
102 10
103 10
104 10
105 10
106 10
107 10
108 10
109 10
110 10
111 10
112 10
113 10
114 10
115 10
116 10
117 10
118 10
119 10
120 10
121 10
122 10
123 10
124 10
125 10
126 10
127 10
128 10
129 10
130 10
131 10
132 10
133 10
134 10
135 10
136 10
137 10
138 10
139 10
140 10
141 10
142 10
143 10
144 10
145 10
146 10
147 10
148 10
149 10
150 10
151 10
152 10
153 10
154 10
155 10
156 10
157 10
158 10
159 10
160 10
161 10
162 10
163 10
164 10
165 10
166 10
167 10
168 10
169 10
170 10
171 10
172 10
173 10
174 10
175 10
176 10
177 10
178 10
179 10
180 10
181 10
182 10
183 10
184 10
185 10
186 10
187 10
188 10
189 10
190 8
191 8
192 8
193 8
194 8
195 8
196 8
197 8
198 8
199 8
200 8
201 8
202 8
203 8
204 8
205 8
206 8
207 8
208 8
209 8
210 8
211 8
212 8
213 8
214 8
215 8
216 8
217 8
218 8
219 8
220 8
221 8
222 8
223 8
224 8
225 8
226 8
227 8
228 8
229 8
230 8
231 8
232 8
233 8
234 8
235 8
236 8
237 8
238 8
239 8
240 8
241 8
242 8
243 8
244 8
245 8
246 8
247 8
248 8
249 8
250 8
251 8
252 8
253 8
254 8
255 8
256 8
257 8
258 8
259 8
260 8
261 8
262 8
263 8
264 8
265 8
266 8
267 8
268 8
269 8
270 8
271 9
272 9
273 9
274 9
275 9
276 9
277 9
278 9
279 9
280 9
281 9
282 9
283 9
284 9
285 9
286 9
287 9
288 9
289 9
290 9
291 9
292 9
293 9
294 9
295 9
296 9
297 9
298 9
299 9
300 9
301 9
302 9
303 9
304 9
305 9
306 9
307 9
308 9
309 9
310 9
311 9
312 9
313 9
314 9
315 9
316 9
317 9
318 9
319 9
320 9
321 9
322 9
323 9
324 9
325 9
326 9
327 9
328 9
329 9
330 9
331 9
332 9
333 9
334 9
335 9
336 9
337 9
338 9
339 9
340 9
341 9
342 9
343 9
344 9
345 9
346 9
347 9
348 9
349 9
350 9
351 9
352 9
353 9
354 9
355 9
356 9
357 9
358 9
359 9
360 9
361 9
362 9
363 9
364 12
365 12
366 12
367 12
368 12
369 12
370 12
371 12
372 12
373 12
374 12
375 12
376 12
377 12
378 12
379 12
380 12
381 12
382 12
383 12
384 12
385 12
386 12
387 12
388 12
389 12
390 12
391 12
392 12
393 12
394 12
395 12
396 12
397 12
398 12
399 12
400 12
401 12
402 12
403 12
404 12
405 12
406 12
407 12
408 12
409 12
410 12
411 12
412 12
413 12
414 12
415 12
416 12
417 12
418 12
419 12
420 12
421 12
422 12
423 12
424 12
425 12
426 12
427 12
428 12
429 12
430 12
431 12
432 12
433 12
434 12
435 12
436 12
437 12
438 12
439 12
440 12
441 12
442 12
443 12
444 12
445 12
446 12
447 12
448 12
449 12
450 12
451 12
452 12
453 12
454 12
455 12
456 12
457 12
458 12
459 12
460 12
461 12
462 12
463 12
464 12
465 12
466 12
467 12
468 12
469 12
470 12
471 12
472 12
473 12
474 12
475 12
476 12
477 12
478 12
479 12
480 12
481 12
482 12
483 12
484 12
485 12
486 12
487 12
488 12
489 12
490 12
491 12
492 12
493 12
494 12
495 12
496 12
497 12
498 12
499 12
500 12
501 12
502 12
503 12
504 12
505 12
506 12
507 12
508 12
509 12
510 12
511 12
512 12
513 12
514 12
515 12
516 12
517 12
518 12
519 12
520 12
521 12
522 12
523 12
524 12
525 12
526 12
527 12
528 12
529 12
530 12
531 12
532 12
533 12
534 12
535 4
536 4
537 4
538 4
539 4
540 4
541 4
542 4
543 4
544 4
545 4
546 4
547 4
548 4
549 4
550 4
551 4
552 4
553 4
554 4
555 4
556 4
557 4
558 4
559 4
560 4
561 4
562 4
563 4
564 4
565 4
566 4
567 4
568 4
569 4
570 4
571 4
572 4
573 4
574 4
575 4
576 4
577 4
578 4
579 4
580 4
581 4
582 4
583 4
584 4
585 4
586 4
587 4
588 4
589 4
590 4
591 4
592 4
593 4
594 4
595 4
596 4
597 4
598 4
599 4
600 4
601 4
602 4
603 4
604 4
605 4
606 4
607 4
608 4
609 4
610 4
611 4
612 4
613 4
614 4
615 4
616 4
617 4
618 4
619 4
620 4
621 4
622 4
623 4
624 4
625 4
626 4
627 4
628 4
629 4
630 4
631 4
632 4
633 4
634 4
635 4
636 4
637 4
638 4
639 4
640 4
641 4
642 4
643 4
644 4
645 4
646 4
647 4
648 4
649 4
650 4
651 4
652 4
653 4
654 4
655 4
656 4
657 4
658 4
659 4
660 4
661 4
662 4
663 4
664 4
665 4
666 4
667 4
668 4
669 4
670 4
671 4
672 4
673 4
674 4
675 4
676 4
677 4
678 6
679 6
680 6
681 6
682 6
683 6
684 6
685 6
686 6
687 6
688 6
689 6
690 6
691 6
692 6
693 6
694 6
695 6
696 6
697 6
698 6
699 6
700 6
701 6
702 6
703 6
704 6
705 6
706 6
707 6
708 6
709 6
710 6
711 6
712 6
713 6
714 6
715 6
716 6
717 6
718 6
719 6
720 6
721 6
722 6
723 6
724 6
725 6
726 6
727 6
728 6
729 6
730 6
731 6
732 6
733 6
734 6
735 6
736 6
737 6
738 6
739 6
740 6
741 6
742 6
743 6
744 6
745 6
746 6
747 6
748 6
749 6
750 6
751 6
752 6
753 6
754 6
755 6
756 6
757 6
758 6
759 6
760 6
761 6
762 6
763 6
764 6
765 6
766 6
767 6
768 6
769 6
770 6
771 6
772 6
773 6
774 6
775 6
776 6
777 6
778 6
779 6
780 6
781 6
782 6
783 6
784 6
785 6
786 6
787 6
788 6
789 6
790 6
791 6
792 6
793 6
794 6
795 6
796 6
797 6
798 6
799 6
800 6
801 6
802 6
803 6
804 6
805 6
806 6
807 6
808 6
809 6
810 6
811 6
812 6
813 6
814 6
815 6
816 6
817 6
818 6
819 6
820 6
821 6
822 6
823 6
824 6
825 6
826 6
827 6
828 6
829 6
830 6
831 6
832 6
833 6
834 6
835 6
836 6
837 6
838 6
839 6
840 6
841 6
842 6
843 6
844 6
845 6
846 6
847 6
848 6
849 6
850 6
851 6
852 6
853 6
854 6
855 6
856 6
857 6
858 6
859 6
860 6
861 6
862 6
863 6
864 6
865 6
866 6
867 6
868 2
869 2
870 2
871 2
872 2
873 2
874 2
875 2
876 2
877 2
878 2
879 2
880 2
881 2
882 2
883 2
884 2
885 2
886 2
887 2
888 2
889 2
890 2
891 2
892 2
893 2
894 2
895 2
896 2
897 2
898 2
899 2
900 2
901 2
902 2
903 2
904 2
905 2
906 2
907 2
908 2
909 2
910 2
911 2
912 2
913 2
914 2
915 2
916 2
917 2
918 2
919 2
920 2
921 2
922 2
923 2
924 2
925 2
926 2
927 2
928 2
929 2
930 2
931 2
932 2
933 2
934 2
935 2
936 2
937 2
938 2
939 2
940 2
941 2
942 2
943 2
944 2
945 2
946 2
947 2
948 2
949 2
950 2
951 2
952 2
953 2
954 2
955 2
956 2
957 2
958 2
959 2
960 2
961 2
962 2
963 2
964 2
965 2
966 2
967 2
968 2
969 2
970 2
971 2
972 2
973 2
974 2
975 2
976 2
977 2
978 2
979 2
980 2
981 2
982 2
983 2
984 2
985 2
986 2
987 2
988 2
989 2
990 2
991 2
992 2
993 2
994 2
995 2
996 2
997 2
998 2
999 2
1000 2
1001 2
1002 2
1003 2
1004 2
1005 2
1006 2
1007 2
1008 2
1009 2
1010 2
1011 2
1012 2
1013 2
1014 2
1015 2
1016 2
1017 2
1018 2
1019 2
1020 2
1021 2
1022 2
1023 2
1024 2
1025 2
1026 2
1027 2
1028 2
1029 2
1030 2
1031 2
1032 2
1033 2
1034 2
1035 2
1036 2
1037 2
1038 2
1039 2
1040 2
1041 2
1042 2
1043 2
1044 2
1045 2
1046 2
1047 2
1048 2
1049 2
1050 2
1051 2
1052 2
1053 2
1054 2
1055 2
1056 2
1057 2
1058 7
1059 7
1060 7
1061 7
1062 7
1063 7
1064 7
1065 7
1066 7
1067 7
1068 7
1069 7
1070 7
1071 7
1072 7
1073 7
1074 7
1075 7
1076 7
1077 7
1078 7
1079 7
1080 7
1081 7
1082 7
1083 7
1084 7
1085 7
1086 7
1087 7
1088 7
1089 7
1090 7
1091 7
1092 7
1093 7
1094 7
1095 7
1096 7
1097 7
1098 7
1099 7
1100 7
1101 7
1102 7
1103 7
1104 7
1105 7
1106 7
1107 7
1108 7
1109 7
1110 7
1111 7
1112 7
1113 7
1114 7
1115 7
1116 7
1117 7
1118 7
1119 7
1120 7
1121 7
1122 7
1123 7
1124 7
1125 7
1126 7
1127 7
1128 7
1129 7
1130 7
1131 7
1132 7
1133 7
1134 7
1135 7
1136 7
1137 7
1138 5
1139 5
1140 5
1141 5
1142 5
1143 5
1144 5
1145 5
1146 5
1147 5
1148 5
1149 5
1150 5
1151 5
1152 5
1153 5
1154 5
1155 5
1156 5
1157 5
1158 5
1159 5
1160 5
1161 5
1162 5
1163 5
1164 5
1165 5
1166 5
1167 5
1168 5
1169 5
1170 5
1171 5
1172 5
1173 5
1174 5
1175 5
1176 5
1177 5
1178 5
1179 5
1180 5
1181 5
1182 5
1183 5
1184 5
1185 5
1186 5
1187 5
1188 5
1189 5
1190 5
1191 5
1192 5
1193 5
1194 5
1195 5
1196 5
1197 5
1198 5
1199 5
1200 5
1201 5
1202 5
1203 5
1204 5
1205 5
1206 5
1207 5
1208 5
1209 5
1210 5
1211 5
1212 5
1213 5
1214 5
1215 5
1216 5
1217 5
1218 5
1219 5
1220 5
1221 5
1222 5
1223 5
1224 5
1225 5
1226 5
1227 5
1228 5
1229 5
1230 5
1231 5
1232 5
1233 5
1234 5
1235 5
1236 5
1237 5
1238 5
1239 5
1240 5
1241 5
1242 5
1243 5
1244 5
1245 5
1246 5
1247 5
1248 5
1249 5
1250 5
1251 5
1252 5
1253 5
1254 5
1255 5
1256 5
1257 5
1258 5
1259 5
1260 5
1261 5
1262 5
1263 5
1264 5
1265 5
1266 5
1267 5
1268 5
1269 5
1270 5
1271 5
1272 5
1273 5
1274 5
1275 5
1276 5
1277 5
1278 5
1279 5
1280 5
1281 5
1282 5
1283 5
1284 5
1285 5
1286 5
1287 5
1288 5
1289 5
1290 5
1291 5
1292 5
1293 5
1294 5
1295 5
1296 5
1297 5
1298 5
1299 5
1300 5
1301 5
1302 5
1303 5
1304 5
1305 5
1306 5
1307 5
1308 5
1309 5
1310 5
1311 5
1312 5
1313 5
1314 5
1315 5
1316 5
1317 5
1318 5
1319 5
1320 5
1321 5
1322 5
1323 5
1324 5
1325 5
1326 5
1327 5
1328 11
1329 11
1330 11
1331 11
1332 11
1333 11
1334 11
1335 11
1336 11
1337 11
1338 11
1339 11
1340 11
1341 11
1342 11
1343 11
1344 11
1345 11
1346 11
1347 11
1348 11
1349 11
1350 11
1351 11
1352 11
1353 11
1354 11
1355 11
1356 11
1357 11
1358 11
1359 11
1360 11
1361 11
1362 11
1363 11
1364 11
1365 11
1366 11
1367 11
1368 11
1369 11
1370 11
1371 11
1372 11
1373 11
1374 11
1375 11
1376 11
1377 11
1378 11
1379 11
1380 11
1381 11
1382 11
1383 11
1384 11
1385 11
1386 11
1387 11
1388 11
1389 11
1390 11
1391 11
1392 11
1393 11
1394 11
1395 11
1396 11
1397 11
1398 11
1399 11
1400 11
1401 11
1402 11
1403 11
1404 11
1405 11
1406 11
1407 11
1408 11
1409 11
1410 11
1411 11
1412 11
1413 11
1414 11
1415 11
1416 11
1417 11
1418 11
1419 11
1420 11
1421 11
1422 11
1423 11
1424 11
1425 11
1426 11
1427 11
1428 11
1429 11
1430 11
1431 11
1432 11
1433 11
1434 11
1435 11
1436 11
1437 11
1438 11
1439 11
1440 11
1441 11
1442 11
1443 11
1444 11
1445 11
1446 11
1447 11
1448 11
1449 11
1450 11
1451 11
1452 11
1453 11
1454 11
1455 11
1456 11
1457 11
1458 11
1459 11
1460 11
1461 11
1462 11
1463 11
1464 11
1465 11
1466 11
1467 11
1468 11
1469 11
1470 11
1471 11
1472 11
1473 11
1474 11
1475 11
1476 11
1477 11
1478 11
1479 11
1480 11
1481 11
1482 11
1483 11
1484 11
1485 11
1486 11
1487 11
1488 11
1489 11
1490 11
1491 11
1492 11
1493 11
1494 11
1495 11
1496 11
1497 11
1498 11
1499 11
1500 11
1501 11
1502 11
1503 11
1504 11
1505 11
1506 11
1507 11
1508 11
1509 11
1510 11
1511 11
1512 11
1513 11
1514 11
1515 11
1516 11
1517 11
1518 3
1519 3
1520 3
1521 3
1522 3
1523 3
1524 3
1525 3
1526 3
1527 3
1528 3
1529 3
1530 3
1531 3
1532 3
1533 3
1534 3
1535 3
1536 3
1537 3
1538 3
1539 3
1540 3
1541 3
1542 3
1543 3
1544 3
1545 3
1546 3
1547 3
1548 3
1549 3
1550 3
1551 3
1552 3
1553 3
1554 3
1555 3
1556 3
1557 3
1558 3
1559 3
1560 3
1561 3
1562 3
1563 3
1564 3
1565 3
1566 3
1567 3
1568 3
1569 3
1570 3
1571 3
1572 3
1573 3
1574 3
1575 3
1576 3
1577 3
1578 3
1579 3
1580 3
1581 3
1582 3
1583 3
1584 3
1585 3
1586 3
1587 3
1588 3
1589 3
1590 3
1591 3
1592 3
1593 3
1594 3
1595 3
1596 3
1597 3
1598 3
1599 3
1600 3
1601 3
1602 3
1603 3
1604 3
1605 3
1606 3
1607 3
1608 3
1609 3
1610 3
1611 3
1612 3
1613 3
1614 3
1615 3
1616 3
1617 3
1618 3
1619 3
1620 3
1621 3
1622 3
1623 3
1624 3
1625 3
1626 3
1627 3
1628 3
1629 3
1630 3
1631 3
1632 3
1633 3
1634 3
1635 3
1636 3
1637 3
1638 3
1639 3
1640 3
1641 3
1642 3
1643 3
1644 3
1645 3
1646 3
1647 3
1648 3
1649 3
1650 3
1651 3
1652 3
1653 3
1654 3
1655 3
1656 3
1657 3
1658 3
1659 3
1660 3
1661 3
1662 3
1663 3
1664 3
1665 3
1666 3
1667 3
1668 3
1669 3
1670 3
1671 3
1672 3
1673 3
1674 3
1675 3
1676 3
1677 3
1678 3
1679 3
1680 3
1681 3
1682 3
1683 3
1684 3
1685 3
1686 3
1687 3
1688 3
1689 3
1690 3
1691 3
1692 3
1693 3
1694 3
1695 3
1696 3
1697 3
1698 3
1699 3
1700 3
1701 3
1702 3
1703 3
1704 3
1705 3
1706 3
1707 3
1708 1
1709 1
1710 1
1711 1
1712 1
1713 1
1714 1
1715 1
1716 1
1717 1
1718 1
1719 1
1720 1
1721 1
1722 1
1723 1
1724 1
1725 1
1726 1
1727 1
1728 1
1729 1
1730 1
1731 1
1732 1
1733 1
1734 1
1735 1
1736 1
1737 1
1738 1
1739 1
1740 1
1741 1
1742 1
1743 1
1744 1
1745 1
1746 1
1747 1
1748 1
1749 1
1750 1
1751 1
1752 1
1753 1
1754 1
1755 1
1756 1
1757 1
1758 1
1759 1
1760 1
1761 1
1762 1
1763 1
1764 1
1765 1
1766 1
1767 1
1768 1
1769 1
1770 1
1771 1
1772 1
1773 1
1774 1
1775 1
1776 1
1777 1
1778 1
1779 1
1780 1
1781 1
1782 1
1783 1
1784 1
1785 1
1786 1
1787 1
1788 1
1789 1
1790 1
1791 1
1792 1
1793 1
1794 1
1795 1
1796 1
1797 1
1798 1
1799 1
1800 1
1801 1
1802 1
1803 1
1804 1
1805 1
1806 1
1807 1
1808 1
1809 1
1810 1
1811 1
1812 1
1813 1
1814 1
1815 1
1816 1
1817 1
1818 1
1819 1
1820 1
1821 1
1822 1
1823 1
1824 1
1825 1
1826 1
1827 1
1828 1
1829 1
1830 1
1831 1
1832 1
1833 1
1834 1
1835 1
1836 1
1837 1
1838 1
1839 1
1840 1
1841 1
1842 1
1843 1
1844 1
1845 1
1846 1
1847 1
1848 1
1849 1
1850 1
1851 1
1852 1
1853 1
1854 1
1855 1
1856 1
1857 1
1858 1
1859 1
1860 1
1861 1
1862 1
1863 1
1864 1
1865 1
1866 1
1867 1
1868 1
1869 1
1870 1
1871 1
1872 1
1873 1
1874 1
1875 1
1876 1
1877 1
1878 1
1879 1
1880 1
1881 1
1882 1
1883 1
1884 1
1885 1
1886 1
1887 1
1888 1
1889 1
1890 1
1891 1
1892 1
1893 1
1894 1
1895 1
1896 1
1897 1
1898 13
1899 13
1900 13
1901 13
1902 13
1903 13
1904 13
1905 13
1906 13
1907 13
1908 13
1909 13
1910 13
1911 13
1912 13
1913 13
1914 13
1915 13
1916 13
1917 13
1918 13
1919 13
1920 13
1921 13
1922 13
1923 13
1924 13
1925 13
1926 13
1927 13
1928 13
1929 13
1930 13
1931 13
1932 13
1933 13
1934 13
1935 13
1936 13
1937 13
1938 13
1939 13
1940 13
1941 13
1942 13
1943 13
1944 13
1945 13
1946 13
1947 13
