0 10
1 10
2 10
3 10
4 10
5 10
6 10
7 10
8 10
9 10
10 10
11 10
12 10
13 10
14 10
15 10
16 10
17 10
18 10
19 10
20 10
21 10
22 10
23 10
24 10
25 10
26 10
27 10
28 10
29 10
30 10
31 10
32 10
33 10
34 10
35 10
36 10
37 10
38 10
39 10
40 10
41 10
42 10
43 10
44 10
45 10
46 10
47 10
48 10
49 10
50 10
51 10
52 10
53 10
54 10
55 10
56 10
57 10
58 10
59 10
60 10
61 10
62 10
63 10
64 10
65 10
66 10
67 10
68 10
69 10
70 10
71 10
72 10
73 10
74 10
75 10
76 10
77 10
78 10
79 10
80 10
81 10
82 10
83 10
84 10
85 10
86 10
87 10
88 10
89 10
90 8
91 8
92 8
93 8
94 8
95 8
96 8
97 8
98 8
99 8
100 8
101 8
102 8
103 8
104 8
105 8
106 8
107 8
108 8
109 8
110 8
111 8
112 8
113 8
114 8
115 8
116 8
117 8
118 8
119 8
120 8
121 8
122 8
123 8
124 8
125 8
126 8
127 8
128 8
129 8
130 8
131 8
132 8
133 8
134 8
135 8
136 8
137 8
138 8
139 8
140 8
141 8
142 8
143 8
144 8
145 8
146 8
147 8
148 8
149 8
150 8
151 8
152 8
153 8
154 8
155 8
156 8
157 8
158 8
159 8
160 8
161 8
162 8
163 8
164 8
165 8
166 8
167 8
168 8
169 8
170 8
171 9
172 9
173 9
174 9
175 9
176 9
177 9
178 9
179 9
180 9
181 9
182 9
183 9
184 9
185 9
186 9
187 9
188 9
189 9
190 9
191 9
192 9
193 9
194 9
195 9
196 9
197 9
198 9
199 9
200 9
201 9
202 9
203 9
204 9
205 9
206 9
207 9
208 9
209 9
210 9
211 9
212 9
213 9
214 9
215 9
216 9
217 9
218 9
219 9
220 9
221 9
222 9
223 9
224 9
225 9
226 9
227 9
228 9
229 9
230 9
231 9
232 9
233 9
234 9
235 9
236 9
237 9
238 9
239 9
240 9
241 9
242 9
243 9
244 9
245 9
246 9
247 9
248 9
249 9
250 9
251 9
252 9
253 9
254 9
255 9
256 9
257 9
258 9
259 9
260 9
261 12
262 12
263 12
264 12
265 12
266 12
267 12
268 12
269 12
270 12
271 12
272 12
273 12
274 12
275 12
276 12
277 12
278 12
279 12
280 12
281 12
282 12
283 12
284 12
285 12
286 12
287 12
288 12
289 12
290 12
291 12
292 12
293 12
294 12
295 12
296 12
297 12
298 12
299 12
300 12
301 12
302 12
303 12
304 12
305 12
306 12
307 12
308 12
309 12
310 12
311 12
312 12
313 12
314 12
315 12
316 12
317 12
318 12
319 12
320 12
321 12
322 12
323 12
324 12
325 12
326 12
327 12
328 12
329 12
330 12
331 12
332 12
333 12
334 12
335 12
336 12
337 12
338 12
339 12
340 12
341 12
342 12
343 12
344 12
345 12
346 12
347 12
348 12
349 12
350 12
351 4
352 4
353 4
354 4
355 4
356 4
357 4
358 4
359 4
360 4
361 4
362 4
363 4
364 4
365 4
366 4
367 4
368 4
369 4
370 4
371 4
372 4
373 4
374 4
375 4
376 4
377 4
378 4
379 4
380 4
381 4
382 4
383 4
384 4
385 4
386 4
387 4
388 4
389 4
390 4
391 4
392 4
393 4
394 4
395 4
396 4
397 4
398 4
399 4
400 4
401 4
402 4
403 4
404 4
405 4
406 4
407 4
408 4
409 4
410 4
411 4
412 4
413 4
414 4
415 4
416 4
417 4
418 4
419 4
420 4
421 4
422 4
423 4
424 4
425 4
426 4
427 4
428 4
429 4
430 4
431 4
432 4
433 4
434 4
435 4
436 4
437 4
438 4
439 4
440 4
441 6
442 6
443 6
444 6
445 6
446 6
447 6
448 6
449 6
450 6
451 6
452 6
453 6
454 6
455 6
456 6
457 6
458 6
459 6
460 6
461 6
462 6
463 6
464 6
465 6
466 6
467 6
468 6
469 6
470 6
471 6
472 6
473 6
474 6
475 6
476 6
477 6
478 6
479 6
480 6
481 6
482 6
483 6
484 6
485 6
486 6
487 6
488 6
489 6
490 6
491 6
492 6
493 6
494 6
495 6
496 6
497 6
498 6
499 6
500 6
501 6
502 6
503 6
504 6
505 6
506 6
507 6
508 6
509 6
510 6
511 6
512 6
513 6
514 6
515 6
516 6
517 6
518 6
519 6
520 6
521 6
522 6
523 6
524 6
525 6
526 6
527 6
528 6
529 6
530 6
531 2
532 2
533 2
534 2
535 2
536 2
537 2
538 2
539 2
540 2
541 2
542 2
543 2
544 2
545 2
546 2
547 2
548 2
549 2
550 2
551 2
552 2
553 2
554 2
555 2
556 2
557 2
558 2
559 2
560 2
561 2
562 2
563 2
564 2
565 2
566 2
567 2
568 2
569 2
570 2
571 2
572 2
573 2
574 2
575 2
576 2
577 2
578 2
579 2
580 2
581 2
582 2
583 2
584 2
585 2
586 2
587 2
588 2
589 2
590 2
591 2
592 2
593 2
594 2
595 2
596 2
597 2
598 2
599 2
600 2
601 2
602 2
603 2
604 2
605 2
606 2
607 2
608 2
609 2
610 2
611 2
612 2
613 2
614 2
615 2
616 2
617 2
618 2
619 2
620 2
621 7
622 7
623 7
624 7
625 7
626 7
627 7
628 7
629 7
630 7
631 7
632 7
633 7
634 7
635 7
636 7
637 7
638 7
639 7
640 7
641 7
642 7
643 7
644 7
645 7
646 7
647 7
648 7
649 7
650 7
651 7
652 7
653 7
654 7
655 7
656 7
657 7
658 7
659 7
660 7
661 7
662 7
663 7
664 7
665 7
666 7
667 7
668 7
669 7
670 7
671 7
672 7
673 7
674 7
675 7
676 7
677 7
678 7
679 7
680 7
681 7
682 7
683 7
684 7
685 7
686 7
687 7
688 7
689 7
690 7
691 7
692 7
693 7
694 7
695 7
696 7
697 7
698 7
699 7
700 7
701 5
702 5
703 5
704 5
705 5
706 5
707 5
708 5
709 5
710 5
711 5
712 5
713 5
714 5
715 5
716 5
717 5
718 5
719 5
720 5
721 5
722 5
723 5
724 5
725 5
726 5
727 5
728 5
729 5
730 5
731 5
732 5
733 5
734 5
735 5
736 5
737 5
738 5
739 5
740 5
741 5
742 5
743 5
744 5
745 5
746 5
747 5
748 5
749 5
750 5
751 5
752 5
753 5
754 5
755 5
756 5
757 5
758 5
759 5
760 5
761 5
762 5
763 5
764 5
765 5
766 5
767 5
768 5
769 5
770 5
771 5
772 5
773 5
774 5
775 5
776 5
777 5
778 5
779 5
780 5
781 5
782 5
783 5
784 5
785 5
786 5
787 5
788 5
789 5
790 5
791 11
792 11
793 11
794 11
795 11
796 11
797 11
798 11
799 11
800 11
801 11
802 11
803 11
804 11
805 11
806 11
807 11
808 11
809 11
810 11
811 11
812 11
813 11
814 11
815 11
816 11
817 11
818 11
819 11
820 11
821 11
822 11
823 11
824 11
825 11
826 11
827 11
828 11
829 11
830 11
831 11
832 11
833 11
834 11
835 11
836 11
837 11
838 11
839 11
840 11
841 11
842 11
843 11
844 11
845 11
846 11
847 11
848 11
849 11
850 11
851 11
852 11
853 11
854 11
855 11
856 11
857 11
858 11
859 11
860 11
861 11
862 11
863 11
864 11
865 11
866 11
867 11
868 11
869 11
870 11
871 11
872 11
873 11
874 11
875 11
876 11
877 11
878 11
879 11
880 11
881 3
882 3
883 3
884 3
885 3
886 3
887 3
888 3
889 3
890 3
891 3
892 3
893 3
894 3
895 3
896 3
897 3
898 3
899 3
900 3
901 3
902 3
903 3
904 3
905 3
906 3
907 3
908 3
909 3
910 3
911 3
912 3
913 3
914 3
915 3
916 3
917 3
918 3
919 3
920 3
921 3
922 3
923 3
924 3
925 3
926 3
927 3
928 3
929 3
930 3
931 3
932 3
933 3
934 3
935 3
936 3
937 3
938 3
939 3
940 3
941 3
942 3
943 3
944 3
945 3
946 3
947 3
948 3
949 3
950 3
951 3
952 3
953 3
954 3
955 3
956 3
957 3
958 3
959 3
960 3
961 3
962 3
963 3
964 3
965 3
966 3
967 3
968 3
969 3
970 3
971 1
972 1
973 1
974 1
975 1
976 1
977 1
978 1
979 1
980 1
981 1
982 1
983 1
984 1
985 1
986 1
987 1
988 1
989 1
990 1
991 1
992 1
993 1
994 1
995 1
996 1
997 1
998 1
999 1
1000 1
1001 1
1002 1
1003 1
1004 1
1005 1
1006 1
1007 1
1008 1
1009 1
1010 1
1011 1
1012 1
1013 1
1014 1
1015 1
1016 1
1017 1
1018 1
1019 1
1020 1
1021 1
1022 1
1023 1
1024 1
1025 1
1026 1
1027 1
1028 1
1029 1
1030 1
1031 1
1032 1
1033 1
1034 1
1035 1
1036 1
1037 1
1038 1
1039 1
1040 1
1041 1
1042 1
1043 1
1044 1
1045 1
1046 1
1047 1
1048 1
1049 1
1050 1
1051 1
1052 1
1053 1
1054 1
1055 1
1056 1
1057 1
1058 1
1059 1
1060 1
1061 13
1062 13
1063 13
1064 13
1065 13
1066 13
1067 13
1068 13
1069 13
1070 13
1071 13
1072 13
1073 13
1074 13
1075 13
1076 13
1077 13
1078 13
1079 13
1080 13
1081 13
1082 13
1083 13
1084 13
1085 13
1086 13
1087 13
1088 13
1089 13
1090 13
1091 13
1092 13
1093 13
1094 13
1095 13
1096 13
1097 13
1098 13
1099 13
1100 13
1101 13
1102 13
1103 13
1104 13
1105 13
1106 13
1107 13
1108 13
1109 13
1110 13
